
＃４足歩行犬型ロボットのポージング
joint = [lf1, lf2, lf3, 
        　rf1, rf2, rf3, 
        　lb1, lb2, lb3, 
        　rb1, rb2, rb3]
lf:左前脚
rf:右前脚
lb:左後ろ脚
rb:右後ろ脚


#初期ポーズ
joint = [0.0,45.0,-90.0, 
         0.0,45.0,-90.0,
         0.0,45.0,-90.0,
         0.0,45.0,-90.0]

         0.0, 45.0, -90.0, 0.0, 45.0, -90.0, 0.0, 45.0, -90.0, 0.0, 45.0, -90.0

＃伏せ     
joint = [0.0,45.0,-120.0,
         0.0,45.0,-120.0,
         0.0,45.0,-120.0,
         0.0,45.0,-120.0]



         0.0, 45.0, -120.0, 0.0, 45.0, -120.0, 0.0, 45.0, -120.0, 0.0, 45.0, -120.0

         
         
＃おすわり
joint = [0.0, 10.0, 0.0,
         0.0, 10.0, 0.0,
         0.0, 80.0, -110.0,
         0.0, 80.0, -110.0]

         joint = [0.0, 10.0, 0.0, 0.0, 10.0, 0.0, 0.0, 80.0, -110.0, 0.0, 80.0, -110.0]

#お手
joint = [0, 100, -120, 
        -20, 10, 0, 
        0, 80, -110, 
        0, 80, -110]


        [0, 100, -120, -20, 10, 0, 0, 80, -110, 0, 80, -110]